service_id,monday,tuesday,wednesday,thursday,friday,saturday,sunday,start_date,end_date
70187.070926.65,1,0,0,0,0,0,1,20260907,20261005
70199.070926.65,1,0,0,0,0,0,1,20260907,20261005
70211.070926.65,1,0,0,0,0,0,1,20260907,20261005
70212.070926.31,1,1,1,1,1,0,0,20260907,20261002
70212.061026.31,1,1,1,1,1,0,0,20261006,20261217
70224.070926.31,1,1,1,1,1,0,0,20260907,20261002
70224.061026.31,1,1,1,1,1,0,0,20261006,20261217
70236.070926.31,1,1,1,1,1,0,0,20260907,20261002
70236.061026.31,1,1,1,1,1,0,0,20261006,20261217
70248.070926.31,1,1,1,1,1,0,0,20260907,20261002
70248.061026.31,1,1,1,1,1,0,0,20261006,20261217
70260.070926.31,1,1,1,1,1,0,0,20260907,20261002
70260.061026.31,1,1,1,1,1,0,0,20261006,20261217
70272.070926.31,1,1,1,1,1,0,0,20260907,20261002
70272.061026.31,1,1,1,1,1,0,0,20261006,20261217
70284.070926.31,1,1,1,1,1,0,0,20260907,20261002
70284.061026.31,1,1,1,1,1,0,0,20261006,20261217
70296.070926.31,1,1,1,1,1,0,0,20260907,20261002
70296.061026.31,1,1,1,1,1,0,0,20261006,20261217
70308.070926.31,1,1,1,1,1,0,0,20260907,20261002
70308.061026.31,1,1,1,1,1,0,0,20261006,20261217
70320.070926.31,1,1,1,1,1,0,0,20260907,20261002
70320.061026.31,1,1,1,1,1,0,0,20261006,20261217
70332.070926.31,1,1,1,1,1,0,0,20260907,20261002
70332.061026.31,1,1,1,1,1,0,0,20261006,20261217
70344.070926.31,1,1,1,1,1,0,0,20260907,20261002
70344.061026.31,1,1,1,1,1,0,0,20261006,20261217
70356.070926.31,1,1,1,1,1,0,0,20260907,20261002
70356.061026.31,1,1,1,1,1,0,0,20261006,20261217
70368.070926.31,1,1,1,1,1,0,0,20260907,20261002
70368.061026.31,1,1,1,1,1,0,0,20261006,20261217
70380.070926.31,1,1,1,1,1,0,0,20260907,20261002
70380.061026.31,1,1,1,1,1,0,0,20261006,20261217
70392.070926.31,1,1,1,1,1,0,0,20260907,20261002
70392.061026.31,1,1,1,1,1,0,0,20261006,20261217
70404.070926.31,1,1,1,1,1,0,0,20260907,20261002
70404.061026.31,1,1,1,1,1,0,0,20261006,20261217
70416.070926.31,1,1,1,1,1,0,0,20260907,20261002
70416.061026.31,1,1,1,1,1,0,0,20261006,20261217
70428.070926.31,1,1,1,1,1,0,0,20260907,20261002
70428.061026.31,1,1,1,1,1,0,0,20261006,20261217
70440.070926.31,1,1,1,1,1,0,0,20260907,20261002
70440.061026.31,1,1,1,1,1,0,0,20261006,20261217
70452.070926.31,1,1,1,1,1,0,0,20260907,20261002
70452.061026.31,1,1,1,1,1,0,0,20261006,20261217
70464.070926.31,1,1,1,1,1,0,0,20260907,20261002
70464.061026.31,1,1,1,1,1,0,0,20261006,20261217
70476.070926.31,1,1,1,1,1,0,0,20260907,20261002
70476.061026.31,1,1,1,1,1,0,0,20261006,20261217
70488.070926.31,1,1,1,1,1,0,0,20260907,20261002
70488.061026.31,1,1,1,1,1,0,0,20261006,20261217
70500.070926.31,1,1,1,1,1,0,0,20260907,20261002
70500.061026.31,1,1,1,1,1,0,0,20261006,20261217
70512.070926.31,1,1,1,1,1,0,0,20260907,20261002
70512.061026.31,1,1,1,1,1,0,0,20261006,20261217
70524.070926.31,1,1,1,1,1,0,0,20260907,20261002
70524.061026.31,1,1,1,1,1,0,0,20261006,20261217
70536.070926.31,1,1,1,1,1,0,0,20260907,20261002
70536.061026.31,1,1,1,1,1,0,0,20261006,20261217
70548.070926.31,1,1,1,1,1,0,0,20260907,20261002
70548.061026.31,1,1,1,1,1,0,0,20261006,20261217
70560.070926.31,1,1,1,1,1,0,0,20260907,20261002
70560.061026.31,1,1,1,1,1,0,0,20261006,20261217
70572.070926.31,1,1,1,1,1,0,0,20260907,20261002
70572.061026.31,1,1,1,1,1,0,0,20261006,20261217
70584.070926.31,1,1,1,1,1,0,0,20260907,20261002
70584.061026.31,1,1,1,1,1,0,0,20261006,20261217
70596.070926.31,1,1,1,1,1,0,0,20260907,20261002
70596.061026.31,1,1,1,1,1,0,0,20261006,20261217
70608.070926.31,1,1,1,1,1,0,0,20260907,20261002
70608.061026.31,1,1,1,1,1,0,0,20261006,20261217
70620.070926.31,1,1,1,1,1,0,0,20260907,20261002
70620.061026.31,1,1,1,1,1,0,0,20261006,20261217
70632.070926.31,1,1,1,1,1,0,0,20260907,20261002
70632.061026.31,1,1,1,1,1,0,0,20261006,20261217
70644.070926.31,1,1,1,1,1,0,0,20260907,20261002
70644.061026.31,1,1,1,1,1,0,0,20261006,20261217
70656.070926.31,1,1,1,1,1,0,0,20260907,20261002
70656.061026.31,1,1,1,1,1,0,0,20261006,20261217
70668.070926.31,1,1,1,1,1,0,0,20260907,20261002
70668.061026.31,1,1,1,1,1,0,0,20261006,20261217
70680.070926.31,1,1,1,1,1,0,0,20260907,20261002
70680.061026.31,1,1,1,1,1,0,0,20261006,20261217
70692.070926.31,1,1,1,1,1,0,0,20260907,20261002
70692.061026.31,1,1,1,1,1,0,0,20261006,20261217
70704.070926.31,1,1,1,1,1,0,0,20260907,20261002
70704.061026.31,1,1,1,1,1,0,0,20261006,20261217
70716.070926.31,1,1,1,1,1,0,0,20260907,20261002
70716.061026.31,1,1,1,1,1,0,0,20261006,20261217
70728.070926.31,1,1,1,1,1,0,0,20260907,20261002
70728.061026.31,1,1,1,1,1,0,0,20261006,20261217
70740.070926.31,1,1,1,1,1,0,0,20260907,20261002
70740.061026.31,1,1,1,1,1,0,0,20261006,20261217
70752.070926.31,1,1,1,1,1,0,0,20260907,20261002
70752.061026.31,1,1,1,1,1,0,0,20261006,20261217
70764.070926.31,1,1,1,1,1,0,0,20260907,20261002
70764.061026.31,1,1,1,1,1,0,0,20261006,20261217
70776.070926.31,1,1,1,1,1,0,0,20260907,20261002
70776.061026.31,1,1,1,1,1,0,0,20261006,20261217
70788.070926.31,1,1,1,1,1,0,0,20260907,20261002
70788.061026.31,1,1,1,1,1,0,0,20261006,20261217
70800.070926.31,1,1,1,1,1,0,0,20260907,20261002
70800.061026.31,1,1,1,1,1,0,0,20261006,20261217
70812.070926.31,1,1,1,1,1,0,0,20260907,20261002
70812.061026.31,1,1,1,1,1,0,0,20261006,20261217
70824.070926.31,1,1,1,1,1,0,0,20260907,20261002
70824.061026.31,1,1,1,1,1,0,0,20261006,20261217
70836.070926.31,1,1,1,1,1,0,0,20260907,20261002
70836.061026.31,1,1,1,1,1,0,0,20261006,20261217
70848.070926.31,1,1,1,1,1,0,0,20260907,20261002
70848.061026.31,1,1,1,1,1,0,0,20261006,20261217
70860.070926.31,1,1,1,1,1,0,0,20260907,20261002
70860.061026.31,1,1,1,1,1,0,0,20261006,20261217
70872.070926.31,1,1,1,1,1,0,0,20260907,20261002
70872.061026.31,1,1,1,1,1,0,0,20261006,20261217
70884.070926.31,1,1,1,1,1,0,0,20260907,20261002
70884.061026.31,1,1,1,1,1,0,0,20261006,20261217
70896.070926.31,1,1,1,1,1,0,0,20260907,20261002
70896.061026.31,1,1,1,1,1,0,0,20261006,20261217
70908.070926.31,1,1,1,1,1,0,0,20260907,20261002
70908.061026.31,1,1,1,1,1,0,0,20261006,20261217
70920.070926.31,1,1,1,1,1,0,0,20260907,20261002
70920.061026.31,1,1,1,1,1,0,0,20261006,20261217
70932.070926.31,1,1,1,1,1,0,0,20260907,20261002
70932.061026.31,1,1,1,1,1,0,0,20261006,20261217
70944.070926.31,1,1,1,1,1,0,0,20260907,20261002
70944.061026.31,1,1,1,1,1,0,0,20261006,20261217
70956.070926.31,1,1,1,1,1,0,0,20260907,20261002
70956.061026.31,1,1,1,1,1,0,0,20261006,20261217
70968.070926.31,1,1,1,1,1,0,0,20260907,20261002
70968.061026.31,1,1,1,1,1,0,0,20261006,20261217
70980.070926.31,1,1,1,1,1,0,0,20260907,20261002
70980.061026.31,1,1,1,1,1,0,0,20261006,20261217
70992.070926.31,1,1,1,1,1,0,0,20260907,20261002
70992.061026.31,1,1,1,1,1,0,0,20261006,20261217
71004.070926.31,1,1,1,1,1,0,0,20260907,20261002
71004.061026.31,1,1,1,1,1,0,0,20261006,20261217
71016.070926.31,1,1,1,1,1,0,0,20260907,20261002
71016.061026.31,1,1,1,1,1,0,0,20261006,20261217
71028.070926.31,1,1,1,1,1,0,0,20260907,20261002
71028.061026.31,1,1,1,1,1,0,0,20261006,20261217
71040.070926.31,1,1,1,1,1,0,0,20260907,20261002
71040.061026.31,1,1,1,1,1,0,0,20261006,20261217
71052.070926.31,1,1,1,1,1,0,0,20260907,20261002
71052.061026.31,1,1,1,1,1,0,0,20261006,20261217
71064.070926.31,1,1,1,1,1,0,0,20260907,20261002
71064.061026.31,1,1,1,1,1,0,0,20261006,20261217
71076.070926.31,1,1,1,1,1,0,0,20260907,20261002
71076.061026.31,1,1,1,1,1,0,0,20261006,20261217
71088.070926.31,1,1,1,1,1,0,0,20260907,20261002
71088.061026.31,1,1,1,1,1,0,0,20261006,20261217
71100.070926.31,1,1,1,1,1,0,0,20260907,20261002
71100.061026.31,1,1,1,1,1,0,0,20261006,20261217
71112.070926.31,1,1,1,1,1,0,0,20260907,20261002
71112.061026.31,1,1,1,1,1,0,0,20261006,20261217
71124.070926.31,1,1,1,1,1,0,0,20260907,20261002
71124.061026.31,1,1,1,1,1,0,0,20261006,20261217
71136.070926.31,1,1,1,1,1,0,0,20260907,20261002
71136.061026.31,1,1,1,1,1,0,0,20261006,20261217
71148.070926.31,1,1,1,1,1,0,0,20260907,20261002
71148.061026.31,1,1,1,1,1,0,0,20261006,20261217
71160.070926.31,1,1,1,1,1,0,0,20260907,20261002
71160.061026.31,1,1,1,1,1,0,0,20261006,20261217
71172.070926.31,1,1,1,1,1,0,0,20260907,20261002
71172.061026.31,1,1,1,1,1,0,0,20261006,20261217
71184.070926.31,1,1,1,1,1,0,0,20260907,20261002
71184.061026.31,1,1,1,1,1,0,0,20261006,20261217
71196.070926.31,1,1,1,1,1,0,0,20260907,20261002
71196.061026.31,1,1,1,1,1,0,0,20261006,20261217
71208.070926.31,1,1,1,1,1,0,0,20260907,20261002
71208.061026.31,1,1,1,1,1,0,0,20261006,20261217
71220.070926.31,1,1,1,1,1,0,0,20260907,20261002
71220.061026.31,1,1,1,1,1,0,0,20261006,20261217
71232.070926.31,1,1,1,1,1,0,0,20260907,20261002
71232.061026.31,1,1,1,1,1,0,0,20261006,20261217
71244.070926.31,1,1,1,1,1,0,0,20260907,20261002
71244.061026.31,1,1,1,1,1,0,0,20261006,20261217
71256.070926.31,1,1,1,1,1,0,0,20260907,20261002
71256.061026.31,1,1,1,1,1,0,0,20261006,20261217
71268.070926.31,1,1,1,1,1,0,0,20260907,20261002
71268.061026.31,1,1,1,1,1,0,0,20261006,20261217
71280.070926.31,1,1,1,1,1,0,0,20260907,20261002
71280.061026.31,1,1,1,1,1,0,0,20261006,20261217
71292.070926.31,1,1,1,1,1,0,0,20260907,20261002
71292.061026.31,1,1,1,1,1,0,0,20261006,20261217
71304.070926.31,1,1,1,1,1,0,0,20260907,20261002
71304.061026.31,1,1,1,1,1,0,0,20261006,20261217
71316.070926.31,1,1,1,1,1,0,0,20260907,20261002
71316.061026.31,1,1,1,1,1,0,0,20261006,20261217
71328.070926.31,1,1,1,1,1,0,0,20260907,20261002
71328.061026.31,1,1,1,1,1,0,0,20261006,20261217
71340.070926.31,1,1,1,1,1,0,0,20260907,20261002
71340.061026.31,1,1,1,1,1,0,0,20261006,20261217
71352.070926.31,1,1,1,1,1,0,0,20260907,20261002
71352.061026.31,1,1,1,1,1,0,0,20261006,20261217
71364.070926.31,1,1,1,1,1,0,0,20260907,20261002
71364.061026.31,1,1,1,1,1,0,0,20261006,20261217
71376.070926.31,1,1,1,1,1,0,0,20260907,20261002
71376.061026.31,1,1,1,1,1,0,0,20261006,20261217
71388.070926.31,1,1,1,1,1,0,0,20260907,20261002
71388.061026.31,1,1,1,1,1,0,0,20261006,20261217
71400.070926.31,1,1,1,1,1,0,0,20260907,20261002
71400.061026.31,1,1,1,1,1,0,0,20261006,20261217
71412.070926.31,1,1,1,1,1,0,0,20260907,20261002
71412.061026.31,1,1,1,1,1,0,0,20261006,20261217
71424.070926.31,1,1,1,1,1,0,0,20260907,20261002
71424.061026.31,1,1,1,1,1,0,0,20261006,20261217
71436.070926.31,1,1,1,1,1,0,0,20260907,20261002
71436.061026.31,1,1,1,1,1,0,0,20261006,20261217
71448.070926.31,1,1,1,1,1,0,0,20260907,20261002
71448.061026.31,1,1,1,1,1,0,0,20261006,20261217
71460.070926.31,1,1,1,1,1,0,0,20260907,20261002
71460.061026.31,1,1,1,1,1,0,0,20261006,20261217
71472.070926.31,1,1,1,1,1,0,0,20260907,20261002
71472.061026.31,1,1,1,1,1,0,0,20261006,20261217
71484.070926.31,1,1,1,1,1,0,0,20260907,20261002
71484.061026.31,1,1,1,1,1,0,0,20261006,20261217
71496.070926.31,1,1,1,1,1,0,0,20260907,20261002
71496.061026.31,1,1,1,1,1,0,0,20261006,20261217
71508.070926.31,1,1,1,1,1,0,0,20260907,20261002
71508.061026.31,1,1,1,1,1,0,0,20261006,20261217
71520.070926.31,1,1,1,1,1,0,0,20260907,20261002
71520.061026.31,1,1,1,1,1,0,0,20261006,20261217
71532.070926.31,1,1,1,1,1,0,0,20260907,20261002
71532.061026.31,1,1,1,1,1,0,0,20261006,20261217
71544.070926.31,1,1,1,1,1,0,0,20260907,20261002
71544.061026.31,1,1,1,1,1,0,0,20261006,20261217
71556.070926.31,1,1,1,1,1,0,0,20260907,20261002
71556.061026.31,1,1,1,1,1,0,0,20261006,20261217
71568.070926.31,1,1,1,1,1,0,0,20260907,20261002
71568.061026.31,1,1,1,1,1,0,0,20261006,20261217
71580.070926.31,1,1,1,1,1,0,0,20260907,20261002
71580.061026.31,1,1,1,1,1,0,0,20261006,20261217
71592.070926.31,1,1,1,1,1,0,0,20260907,20261002
71592.061026.31,1,1,1,1,1,0,0,20261006,20261217
71604.070926.31,1,1,1,1,1,0,0,20260907,20261002
71604.061026.31,1,1,1,1,1,0,0,20261006,20261217
71616.070926.31,1,1,1,1,1,0,0,20260907,20261002
71616.061026.31,1,1,1,1,1,0,0,20261006,20261217
71628.070926.31,1,1,1,1,1,0,0,20260907,20261002
71628.061026.31,1,1,1,1,1,0,0,20261006,20261217
71640.070926.31,1,1,1,1,1,0,0,20260907,20261002
71640.061026.31,1,1,1,1,1,0,0,20261006,20261217
71652.070926.31,1,1,1,1,1,0,0,20260907,20261002
71652.061026.31,1,1,1,1,1,0,0,20261006,20261217
71664.070926.31,1,1,1,1,1,0,0,20260907,20261002
71664.061026.31,1,1,1,1,1,0,0,20261006,20261217
71676.070926.31,1,1,1,1,1,0,0,20260907,20261002
71676.061026.31,1,1,1,1,1,0,0,20261006,20261217
71688.070926.31,1,1,1,1,1,0,0,20260907,20261002
71688.061026.31,1,1,1,1,1,0,0,20261006,20261217
71700.071026.62,0,1,1,1,1,1,0,20261007,20261217
71712.071026.62,0,1,1,1,1,1,0,20261007,20261217
73346.070926.65,1,0,0,0,0,0,1,20260907,20261005
73358.070926.65,1,0,0,0,0,0,1,20260907,20261005
73370.070926.65,1,0,0,0,0,0,1,20260907,20261005
73382.070926.65,1,0,0,0,0,0,1,20260907,20261005
73383.070926.31,1,1,1,1,1,0,0,20260907,20261002
73383.061026.31,1,1,1,1,1,0,0,20261006,20261217
73395.070926.31,1,1,1,1,1,0,0,20260907,20261002
73395.061026.31,1,1,1,1,1,0,0,20261006,20261217
73407.070926.31,1,1,1,1,1,0,0,20260907,20261002
73407.061026.31,1,1,1,1,1,0,0,20261006,20261217
73419.070926.31,1,1,1,1,1,0,0,20260907,20261002
73419.061026.31,1,1,1,1,1,0,0,20261006,20261217
73431.070926.31,1,1,1,1,1,0,0,20260907,20261002
73431.061026.31,1,1,1,1,1,0,0,20261006,20261217
73443.070926.31,1,1,1,1,1,0,0,20260907,20261002
73443.061026.31,1,1,1,1,1,0,0,20261006,20261217
73455.070926.31,1,1,1,1,1,0,0,20260907,20261002
73455.061026.31,1,1,1,1,1,0,0,20261006,20261217
73467.070926.31,1,1,1,1,1,0,0,20260907,20261002
73467.061026.31,1,1,1,1,1,0,0,20261006,20261217
73479.070926.31,1,1,1,1,1,0,0,20260907,20261002
73479.061026.31,1,1,1,1,1,0,0,20261006,20261217
73491.070926.31,1,1,1,1,1,0,0,20260907,20261002
73491.061026.31,1,1,1,1,1,0,0,20261006,20261217
73503.070926.31,1,1,1,1,1,0,0,20260907,20261002
73503.061026.31,1,1,1,1,1,0,0,20261006,20261217
73515.070926.31,1,1,1,1,1,0,0,20260907,20261002
73515.061026.31,1,1,1,1,1,0,0,20261006,20261217
73527.070926.31,1,1,1,1,1,0,0,20260907,20261002
73527.061026.31,1,1,1,1,1,0,0,20261006,20261217
73539.070926.31,1,1,1,1,1,0,0,20260907,20261002
73539.061026.31,1,1,1,1,1,0,0,20261006,20261217
73551.070926.31,1,1,1,1,1,0,0,20260907,20261002
73551.061026.31,1,1,1,1,1,0,0,20261006,20261217
73563.070926.31,1,1,1,1,1,0,0,20260907,20261002
73563.061026.31,1,1,1,1,1,0,0,20261006,20261217
73575.070926.31,1,1,1,1,1,0,0,20260907,20261002
73575.061026.31,1,1,1,1,1,0,0,20261006,20261217
73587.070926.31,1,1,1,1,1,0,0,20260907,20261002
73587.061026.31,1,1,1,1,1,0,0,20261006,20261217
73599.070926.31,1,1,1,1,1,0,0,20260907,20261002
73599.061026.31,1,1,1,1,1,0,0,20261006,20261217
73611.070926.31,1,1,1,1,1,0,0,20260907,20261002
73611.061026.31,1,1,1,1,1,0,0,20261006,20261217
73623.070926.31,1,1,1,1,1,0,0,20260907,20261002
73623.061026.31,1,1,1,1,1,0,0,20261006,20261217
73635.070926.31,1,1,1,1,1,0,0,20260907,20261002
73635.061026.31,1,1,1,1,1,0,0,20261006,20261217
73647.070926.31,1,1,1,1,1,0,0,20260907,20261002
73647.061026.31,1,1,1,1,1,0,0,20261006,20261217
73659.070926.31,1,1,1,1,1,0,0,20260907,20261002
73659.061026.31,1,1,1,1,1,0,0,20261006,20261217
73671.070926.31,1,1,1,1,1,0,0,20260907,20261002
73671.061026.31,1,1,1,1,1,0,0,20261006,20261217
73683.070926.31,1,1,1,1,1,0,0,20260907,20261002
73683.061026.31,1,1,1,1,1,0,0,20261006,20261217
73695.070926.31,1,1,1,1,1,0,0,20260907,20261002
73695.061026.31,1,1,1,1,1,0,0,20261006,20261217
73707.070926.31,1,1,1,1,1,0,0,20260907,20261002
73707.061026.31,1,1,1,1,1,0,0,20261006,20261217
73719.070926.31,1,1,1,1,1,0,0,20260907,20261002
73719.061026.31,1,1,1,1,1,0,0,20261006,20261217
73731.070926.31,1,1,1,1,1,0,0,20260907,20261002
73731.061026.31,1,1,1,1,1,0,0,20261006,20261217
73743.070926.31,1,1,1,1,1,0,0,20260907,20261002
73743.061026.31,1,1,1,1,1,0,0,20261006,20261217
73755.070926.31,1,1,1,1,1,0,0,20260907,20261002
73755.061026.31,1,1,1,1,1,0,0,20261006,20261217
73767.070926.31,1,1,1,1,1,0,0,20260907,20261002
73767.061026.31,1,1,1,1,1,0,0,20261006,20261217
73779.070926.31,1,1,1,1,1,0,0,20260907,20261002
73779.061026.31,1,1,1,1,1,0,0,20261006,20261217
73791.070926.31,1,1,1,1,1,0,0,20260907,20261002
73791.061026.31,1,1,1,1,1,0,0,20261006,20261217
73803.070926.31,1,1,1,1,1,0,0,20260907,20261002
73803.061026.31,1,1,1,1,1,0,0,20261006,20261217
73815.070926.31,1,1,1,1,1,0,0,20260907,20261002
73815.061026.31,1,1,1,1,1,0,0,20261006,20261217
73827.070926.31,1,1,1,1,1,0,0,20260907,20261002
73827.061026.31,1,1,1,1,1,0,0,20261006,20261217
73839.070926.31,1,1,1,1,1,0,0,20260907,20261002
73839.061026.31,1,1,1,1,1,0,0,20261006,20261217
73851.070926.31,1,1,1,1,1,0,0,20260907,20261002
73851.061026.31,1,1,1,1,1,0,0,20261006,20261217
73863.070926.31,1,1,1,1,1,0,0,20260907,20261002
73863.061026.31,1,1,1,1,1,0,0,20261006,20261217
73875.070926.31,1,1,1,1,1,0,0,20260907,20261002
73875.061026.31,1,1,1,1,1,0,0,20261006,20261217
73887.070926.31,1,1,1,1,1,0,0,20260907,20261002
73887.061026.31,1,1,1,1,1,0,0,20261006,20261217
73899.070926.31,1,1,1,1,1,0,0,20260907,20261002
73899.061026.31,1,1,1,1,1,0,0,20261006,20261217
73911.070926.31,1,1,1,1,1,0,0,20260907,20261002
73911.061026.31,1,1,1,1,1,0,0,20261006,20261217
73923.070926.31,1,1,1,1,1,0,0,20260907,20261002
73923.061026.31,1,1,1,1,1,0,0,20261006,20261217
73935.070926.31,1,1,1,1,1,0,0,20260907,20261002
73935.061026.31,1,1,1,1,1,0,0,20261006,20261217
73947.070926.31,1,1,1,1,1,0,0,20260907,20261002
73947.061026.31,1,1,1,1,1,0,0,20261006,20261217
73959.070926.31,1,1,1,1,1,0,0,20260907,20261002
73959.061026.31,1,1,1,1,1,0,0,20261006,20261217
73971.070926.31,1,1,1,1,1,0,0,20260907,20261002
73971.061026.31,1,1,1,1,1,0,0,20261006,20261217
73983.070926.31,1,1,1,1,1,0,0,20260907,20261002
73983.061026.31,1,1,1,1,1,0,0,20261006,20261217
73995.070926.31,1,1,1,1,1,0,0,20260907,20261002
73995.061026.31,1,1,1,1,1,0,0,20261006,20261217
74007.070926.31,1,1,1,1,1,0,0,20260907,20261002
74007.061026.31,1,1,1,1,1,0,0,20261006,20261217
74019.070926.31,1,1,1,1,1,0,0,20260907,20261002
74019.061026.31,1,1,1,1,1,0,0,20261006,20261217
74031.070926.31,1,1,1,1,1,0,0,20260907,20261002
74031.061026.31,1,1,1,1,1,0,0,20261006,20261217
74043.070926.31,1,1,1,1,1,0,0,20260907,20261002
74043.061026.31,1,1,1,1,1,0,0,20261006,20261217
74055.070926.31,1,1,1,1,1,0,0,20260907,20261002
74055.061026.31,1,1,1,1,1,0,0,20261006,20261217
74067.070926.31,1,1,1,1,1,0,0,20260907,20261002
74067.061026.31,1,1,1,1,1,0,0,20261006,20261217
74079.070926.31,1,1,1,1,1,0,0,20260907,20261002
74079.061026.31,1,1,1,1,1,0,0,20261006,20261217
74091.070926.31,1,1,1,1,1,0,0,20260907,20261002
74091.061026.31,1,1,1,1,1,0,0,20261006,20261217
74103.070926.31,1,1,1,1,1,0,0,20260907,20261002
74103.061026.31,1,1,1,1,1,0,0,20261006,20261217
74115.070926.31,1,1,1,1,1,0,0,20260907,20261002
74115.061026.31,1,1,1,1,1,0,0,20261006,20261217
74127.070926.31,1,1,1,1,1,0,0,20260907,20261002
74127.061026.31,1,1,1,1,1,0,0,20261006,20261217
74139.070926.31,1,1,1,1,1,0,0,20260907,20261002
74139.061026.31,1,1,1,1,1,0,0,20261006,20261217
74151.070926.31,1,1,1,1,1,0,0,20260907,20261002
74151.061026.31,1,1,1,1,1,0,0,20261006,20261217
74163.070926.31,1,1,1,1,1,0,0,20260907,20261002
74163.061026.31,1,1,1,1,1,0,0,20261006,20261217
74175.070926.31,1,1,1,1,1,0,0,20260907,20261002
74175.061026.31,1,1,1,1,1,0,0,20261006,20261217
74187.070926.31,1,1,1,1,1,0,0,20260907,20261002
74187.061026.31,1,1,1,1,1,0,0,20261006,20261217
74199.070926.31,1,1,1,1,1,0,0,20260907,20261002
74199.061026.31,1,1,1,1,1,0,0,20261006,20261217
74211.070926.31,1,1,1,1,1,0,0,20260907,20261002
74211.061026.31,1,1,1,1,1,0,0,20261006,20261217
74223.070926.31,1,1,1,1,1,0,0,20260907,20261002
74223.061026.31,1,1,1,1,1,0,0,20261006,20261217
74235.070926.31,1,1,1,1,1,0,0,20260907,20261002
74235.061026.31,1,1,1,1,1,0,0,20261006,20261217
74247.070926.31,1,1,1,1,1,0,0,20260907,20261002
74247.061026.31,1,1,1,1,1,0,0,20261006,20261217
74259.070926.31,1,1,1,1,1,0,0,20260907,20261002
74259.061026.31,1,1,1,1,1,0,0,20261006,20261217
74271.070926.31,1,1,1,1,1,0,0,20260907,20261002
74271.061026.31,1,1,1,1,1,0,0,20261006,20261217
74283.070926.31,1,1,1,1,1,0,0,20260907,20261002
74283.061026.31,1,1,1,1,1,0,0,20261006,20261217
74295.070926.31,1,1,1,1,1,0,0,20260907,20261002
74295.061026.31,1,1,1,1,1,0,0,20261006,20261217
74307.070926.31,1,1,1,1,1,0,0,20260907,20261002
74307.061026.31,1,1,1,1,1,0,0,20261006,20261217
74319.070926.31,1,1,1,1,1,0,0,20260907,20261002
74319.061026.31,1,1,1,1,1,0,0,20261006,20261217
74331.070926.31,1,1,1,1,1,0,0,20260907,20261002
74331.061026.31,1,1,1,1,1,0,0,20261006,20261217
74343.070926.31,1,1,1,1,1,0,0,20260907,20261002
74343.061026.31,1,1,1,1,1,0,0,20261006,20261217
74355.070926.31,1,1,1,1,1,0,0,20260907,20261002
74355.061026.31,1,1,1,1,1,0,0,20261006,20261217
74367.070926.31,1,1,1,1,1,0,0,20260907,20261002
74367.061026.31,1,1,1,1,1,0,0,20261006,20261217
74379.070926.31,1,1,1,1,1,0,0,20260907,20261002
74379.061026.31,1,1,1,1,1,0,0,20261006,20261217
74391.070926.31,1,1,1,1,1,0,0,20260907,20261002
74391.061026.31,1,1,1,1,1,0,0,20261006,20261217
74403.070926.31,1,1,1,1,1,0,0,20260907,20261002
74403.061026.31,1,1,1,1,1,0,0,20261006,20261217
74415.070926.31,1,1,1,1,1,0,0,20260907,20261002
74415.061026.31,1,1,1,1,1,0,0,20261006,20261217
74427.070926.31,1,1,1,1,1,0,0,20260907,20261002
74427.061026.31,1,1,1,1,1,0,0,20261006,20261217
74439.070926.31,1,1,1,1,1,0,0,20260907,20261002
74439.061026.31,1,1,1,1,1,0,0,20261006,20261217
74451.070926.31,1,1,1,1,1,0,0,20260907,20261002
74451.061026.31,1,1,1,1,1,0,0,20261006,20261217
74463.070926.31,1,1,1,1,1,0,0,20260907,20261002
74463.061026.31,1,1,1,1,1,0,0,20261006,20261217
74475.070926.31,1,1,1,1,1,0,0,20260907,20261002
74475.061026.31,1,1,1,1,1,0,0,20261006,20261217
74487.070926.31,1,1,1,1,1,0,0,20260907,20261002
74487.061026.31,1,1,1,1,1,0,0,20261006,20261217
74499.070926.31,1,1,1,1,1,0,0,20260907,20261002
74499.061026.31,1,1,1,1,1,0,0,20261006,20261217
74511.070926.31,1,1,1,1,1,0,0,20260907,20261002
74511.061026.31,1,1,1,1,1,0,0,20261006,20261217
74523.070926.31,1,1,1,1,1,0,0,20260907,20261002
74523.061026.31,1,1,1,1,1,0,0,20261006,20261217
74535.070926.31,1,1,1,1,1,0,0,20260907,20261002
74535.061026.31,1,1,1,1,1,0,0,20261006,20261217
74547.070926.31,1,1,1,1,1,0,0,20260907,20261002
74547.061026.31,1,1,1,1,1,0,0,20261006,20261217
74559.070926.31,1,1,1,1,1,0,0,20260907,20261002
74559.061026.31,1,1,1,1,1,0,0,20261006,20261217
74571.070926.31,1,1,1,1,1,0,0,20260907,20261002
74571.061026.31,1,1,1,1,1,0,0,20261006,20261217
74583.070926.31,1,1,1,1,1,0,0,20260907,20261002
74583.061026.31,1,1,1,1,1,0,0,20261006,20261217
74595.070926.31,1,1,1,1,1,0,0,20260907,20261002
74595.061026.31,1,1,1,1,1,0,0,20261006,20261217
74607.070926.31,1,1,1,1,1,0,0,20260907,20261002
74607.061026.31,1,1,1,1,1,0,0,20261006,20261217
74619.070926.31,1,1,1,1,1,0,0,20260907,20261002
74619.061026.31,1,1,1,1,1,0,0,20261006,20261217
74631.070926.31,1,1,1,1,1,0,0,20260907,20261002
74631.061026.31,1,1,1,1,1,0,0,20261006,20261217
74643.070926.31,1,1,1,1,1,0,0,20260907,20261002
74643.061026.31,1,1,1,1,1,0,0,20261006,20261217
74655.070926.31,1,1,1,1,1,0,0,20260907,20261002
74655.061026.31,1,1,1,1,1,0,0,20261006,20261217
74667.070926.31,1,1,1,1,1,0,0,20260907,20261002
74667.061026.31,1,1,1,1,1,0,0,20261006,20261217
74679.070926.31,1,1,1,1,1,0,0,20260907,20261002
74679.061026.31,1,1,1,1,1,0,0,20261006,20261217
74691.070926.31,1,1,1,1,1,0,0,20260907,20261002
74691.061026.31,1,1,1,1,1,0,0,20261006,20261217
74703.070926.31,1,1,1,1,1,0,0,20260907,20261002
74703.061026.31,1,1,1,1,1,0,0,20261006,20261217
74715.070926.31,1,1,1,1,1,0,0,20260907,20261002
74715.061026.31,1,1,1,1,1,0,0,20261006,20261217
74727.070926.31,1,1,1,1,1,0,0,20260907,20261002
74727.061026.31,1,1,1,1,1,0,0,20261006,20261217
74739.070926.31,1,1,1,1,1,0,0,20260907,20261002
74739.061026.31,1,1,1,1,1,0,0,20261006,20261217
74751.070926.31,1,1,1,1,1,0,0,20260907,20261002
74751.061026.31,1,1,1,1,1,0,0,20261006,20261217
74763.070926.31,1,1,1,1,1,0,0,20260907,20261002
74763.061026.31,1,1,1,1,1,0,0,20261006,20261217
74775.070926.31,1,1,1,1,1,0,0,20260907,20261002
74775.061026.31,1,1,1,1,1,0,0,20261006,20261217
74787.070926.31,1,1,1,1,1,0,0,20260907,20261002
74787.061026.31,1,1,1,1,1,0,0,20261006,20261217
74799.070926.31,1,1,1,1,1,0,0,20260907,20261002
74799.061026.31,1,1,1,1,1,0,0,20261006,20261217
74811.070926.31,1,1,1,1,1,0,0,20260907,20261002
74811.061026.31,1,1,1,1,1,0,0,20261006,20261217
74823.070926.31,1,1,1,1,1,0,0,20260907,20261002
74823.061026.31,1,1,1,1,1,0,0,20261006,20261217
74835.070926.31,1,1,1,1,1,0,0,20260907,20261002
74835.061026.31,1,1,1,1,1,0,0,20261006,20261217
74847.070926.31,1,1,1,1,1,0,0,20260907,20261002
74847.061026.31,1,1,1,1,1,0,0,20261006,20261217
74859.071026.62,0,1,1,1,1,1,0,20261007,20261217
74871.071026.62,0,1,1,1,1,1,0,20261007,20261217
74883.071026.62,0,1,1,1,1,1,0,20261007,20261217
69323.120926.96,0,0,0,0,0,1,1,20260912,20261004
69323.101026.96,0,0,0,0,0,1,1,20261010,20261213
69323.051026.1,1,0,0,0,0,0,0,20261005,20261005
69335.120926.96,0,0,0,0,0,1,1,20260912,20261004
69335.101026.96,0,0,0,0,0,1,1,20261010,20261213
69335.051026.1,1,0,0,0,0,0,0,20261005,20261005
69347.120926.96,0,0,0,0,0,1,1,20260912,20261004
69347.101026.96,0,0,0,0,0,1,1,20261010,20261213
